1.27036
-4.715946
-2.161883
6.51321
0.4337472
2.563593
2.935448
-4.103986
-0.6781895
1.27601
7.131118
-0.4956512
-0.282412
-5.385798
0.01684888
4.67648
-2.16419
-2.59854
-3.803762
5.629837
7.184188
0.7106892
-0.2235824
-1.061058
-1.486348
3.577971
2.048307
0.5347922
0.8040686
-0.09584023
-1.115598
-3.523228
3.677582
2.883804
6.533987
4.667539
-1.362205
-1.200034
-7.070076
-3.177419
-0.6195889
5.562196
4.505282
-2.635531
-0.2233198
-0.1679207
2.187342
4.149194
-3.115811
-3.833401
0.8299214
0.3932686
2.763465
1.135923
-0.5718539
-2.932408
-1.598871
-4.612467
2.744869
-0.5242847
5.523497
0.2551357
2.071773
-5.293257
-4.894518
0.911818
6.52445
2.5434
-0.8569748
-3.346526
-1.990705
-2.371442
5.758635
5.290096
-4.364146
-6.40638
-3.569085
0.8226118
0.9518239
5.290582
0.5815257
-6.675224
-1.864949
3.401718
3.855765
0.9849258
-1.345713
-0.74177
-1.65001
0.6181667
3.078552
2.212902
-2.41393
0.02654018
-1.661328
2.096424
5.509023
6.96283
-1.05544
-7.668262
-5.10689
1.250712
9.368817
6.161811
-1.807621
-2.381851
-3.582288
6.256089
3.987443
4.648001
-3.783068
-3.246681
-4.198101
4.425458
7.212364
3.957572
0.3285803
-4.022395
-2.492227
0.569666
-0.5633205
-2.080633
-2.687533
1.706403
2.461386
1.935067
3.208968
0.3319873
-4.304343
0.8757326
1.001122
3.096646
0.1919448
1.911307
-0.04383218
-0.758748
-3.916563
2.125868
5.462081
-2.136942
-0.5860499
-2.004889
1.518088
4.413997
5.381554
4.363726
-4.593103
-3.822531
2.308426
0.8208109
6.396556
-0.8756377
-4.886937
-2.356087
-3.581421
-2.45063
3.718194
-2.440874
-2.19753
1.156464
0.8605662
-1.627013
2.444543
0.5645525
-0.006937815
1.646318
0.1817542
-1.32689
-4.23506
-0.9772182
0.4083283
-2.170279
-5.689501
-3.085363
-0.06175526
1.857764
2.02935
-1.69004
-3.767371
-2.213103
1.570615
3.624508
-1.677966
1.943329
-4.223044
-5.078644
-2.243223
0.6899636
5.370575
4.650914
-0.3698656
-0.9400395
-1.561003
2.028799
3.726195
1.487082
-1.96918
-2.284854
-0.6860951
-1.268108
6.005403
-0.6826622
-1.620205
-1.67632
-0.9052188
6.603976
3.732826
1.967527
-1.960127
-1.289331
-5.379575
3.132912
0.05223069
2.04336
-1.274982
0.09937447
-0.3565891
-1.803508
1.934139
-1.553273
-1.014899
4.808463
6.136465
-1.396612
1.013402
-4.632278
-2.899971
-3.461257
-0.5221573
-3.235244
-1.778743
-0.4719927
-2.003559
-1.372319
2.476991
-2.218262
1.882784
0.8681279
1.089717
-0.2349093
-4.054876
0.449677
0.06693809
0.8580745
3.316646
-4.322233
-3.343105
-1.452532
-0.8665848
-0.08212044
-1.851018
-1.330663
-1.402749
6.308564
-0.5024367
-1.437441
-3.223232
-1.875251
0.4318383
4.036297
6.682057
0.001118705
-3.617389
-1.104687
4.801369
3.571027
1.523527
-2.747525
-4.374217
-3.90786
0.947466
2.406651
6.737476
0.7436934
0.843118
-4.466684
0.6368271
3.519982
1.628887
-2.534325
-4.120759
0.306056
5.456625
5.804387
2.486205
-4.468304
-6.992534
-1.016862
1.765564
2.098939
3.745767
-3.65392
-4.078807
-2.666209
-0.5981002
4.58267
0.6917656
-1.345836
-4.002627
-2.608636
