9.246088 -104.907539 -96.72831 -81.436699 -23.826458
22.048365 65.433853 52.631577 16.714083 -46.941677
-97.083923 -77.169273 -73.968704 -61.877666 22.759602
91.038406 96.017067 -4.978663 -82.859177 -118.776672
-73.968704 26.315788 7.823613 35.561878 42.318634
-49.786629 -100.284492 -143.669983 -31.65007 -83.926033
-70.0569 -22.403982 99.573257 134.423889 109.8862
-54.054054 -103.12944 -136.913223 -135.490753 -149.359879
-11.379801 79.658607 94.950211 96.372688 32.005688
-62.233284 -127.667137 -138.335709 -87.837837 -52.987198
-6.401138 0.355619 74.324326 49.786629 14.935988
-68.634422 -118.421051 -132.290176 -66.145088 18.492176
40.184921 18.136557 -31.294453 -68.990044 -45.519203
-2.84495 -95.661453 -121.977242 19.559032 85.348503
67.923187 130.512085 90.682785 -20.270269 -65.789474
-153.627304 -155.761017 -134.77951 -93.52774 -49.07539
-37.695591 39.473682 130.867706 77.880508 -3.911807
-48.719772 -115.220482 -147.937408 -128.378372 -55.476528
20.625889 110.241821 123.755333 51.920341 -28.093884
-121.265999 -174.253204 -126.955902 -70.412514 9.601707
94.594597 47.297298 56.543385 49.431011 -74.324326
-150.426743 -150.071121 -113.086769 -122.332855 -18.492176
23.115221 145.448074 116.287338 86.770981 17.780939
-61.877666 -122.332855 -112.375534 -105.263153 -98.15078
-88.904694 -43.38549 21.692745 46.941677 33.428165
41.963017 68.990044 92.460884 40.184921 -50.142246
-102.418205 -131.223328 -109.174965 -116.287338 -37.33997
19.203413 61.877666 136.913223 77.524895 -128.378372
-181.721191 -101.351349 -51.209103 36.628735 34.1394
60.099571 94.238976 -18.492176 -47.297298 -105.263153
-92.816498 -32.005688 -94.950211 -35.917496 10.668563
27.738264 48.008533 -16.002844 33.072544 49.431011
-27.027027 -171.052628 -136.201996 -91.038406 -93.172119
-43.741108 19.559032 46.58606 -3.556188 33.783783
-28.093884 -103.840683 -130.156464 -164.651489 -101.70697
43.38549 126.955902 168.207672 127.667137 58.677097
-73.968704 -61.522049 -175.675674 -112.731148 -82.859177
-34.495022 72.190613 125.177811 56.543385 19.203413
5.6899 -30.227596 -114.509247 -107.752487 -111.308678
-55.832146 26.671408 -22.759602 59.743954 126.955902
60.455193 56.543385 25.960171 -78.591751 -149.359879
-139.402557 -98.506401 -102.418205 1.422475 46.230442
76.102417 89.615929 39.829304 -103.12944 -156.116638
-146.87056 -155.761017 -43.029873 88.193459 166.429581
184.921768 63.30014 -16.358463 -184.921768 -334.281647
-268.492188 -171.052628 -122.688477 -62.944523 56.899002
61.877666 64.366997 0.711238 -134.77951 -243.598862
-230.440964 -200.924606 -104.196297 -64.722618 -11.024182
66.145088 64.366997 77.169273 35.206257 -42.674252
-73.613083 -123.399712 -125.533424 -143.669983 -65.078232
9.601707 43.38549 55.120911 83.570412 48.719772
-35.917496 -89.260315 -114.153625 -128.022751 -146.87056
-148.29303 -84.992889 -18.492176 62.588905 151.493591
130.867706 46.58606 -60.099571 -129.800858 -159.672821
-142.603134 -174.253204 -124.110954 -36.628735 13.869132
22.048365 15.647226 27.382645 64.722618 22.759602
42.318634 -12.446657 -47.652916 -100.284492 -112.019913
-93.172119 -22.759602 34.495022 103.840683 87.126602
67.567566 45.519203 101.70697 75.035561 -7.823613
-77.524895 -216.571838 -175.320053 -74.679939 -83.570412
-59.388336 -43.38549 -1.778094 64.011375 44.807964
24.182077 -21.337126 -169.274536 -237.553345 -287.695587
-229.018494 -87.837837 25.960171 29.871977 68.990044
87.837837 -4.623044 -90.327171 -166.785202 -205.192032
-165.362732 -155.761017 -113.798004 -25.960171 -97.795166
-78.23613 -19.203413 -6.401138 70.0569 30.227596
81.436699 50.497864 -18.492176 -78.23613 -202.702698
-200.924606 -182.788055 -168.563293 -135.135132 -94.238976
-11.379801 65.078232 129.800858 140.825027 92.105263
0 -114.864861 -172.830719 -231.152206 -208.392593
-169.630157 -156.827881 -41.251778 15.647226 127.667137
201.280228 222.261734 135.846375 55.476528 -13.869132
-153.627304 -157.89473 -205.903275 -253.556183 -148.648651
-50.142246 58.677097 192.034134 186.344238 100.640114
45.874821 16.714083 23.470839 -1.422475 -97.083923
-73.613083 -33.072544 -14.58037 31.65007 55.832146
30.227596 40.540539 34.1394 42.318634 59.032715
-1.066856 -22.048365 -27.027027 24.893314 87.837837
81.081078 86.415359 58.677097 -50.142246 -69.345657
-188.477951 -138.691315 -44.452347 -72.190613 5.6899
54.409672 105.974396 128.733994 81.79232 39.473682
-39.118065 -121.62162 -122.332855 -234.708389 -268.847778
-207.681366 -55.120911 -38.406826 59.388336 144.381226
155.049789 128.022751 78.947365 56.899002 -9.246088
-161.450928 -221.550491 -171.76387 -155.049789 -100.284492
9.957326 33.072544 75.746796 30.227596 -17.42532
38.406826 55.120911 11.379801 -48.364155 9.957326
-65.789474 -48.364155 -38.406826 -35.206257 -27.738264
-92.460884 -45.874821 -18.136557 59.743954 71.834991
109.174965 130.867706 97.439545 61.166428 -1.066856
-91.749641 -160.739685 -141.891891 -176.386917 -130.867706
-4.978663 78.947365 90.327171 169.985779 92.816498
44.096729 43.38549 -57.965858 -12.091039 -43.029873
-91.394028 -144.381226 -107.752487 -96.72831 -76.813652
-20.981508 27.738264 125.177811 71.834991 11.024182
57.965858 -73.968704 -74.324326 -114.509247 -166.785202
-210.526306 -214.793732 -76.458038 -2.133713 -119.132286
-76.102417 92.105263 130.156464 117.709816 136.557602
41.251778 -52.631577 -63.30014 -144.736847 -138.691315
-137.268845 -108.463722 -87.837837 -103.840683 -52.987198
-20.981508 21.692745 44.452347 110.953056 93.52774
142.95874 71.834991 18.492176 -41.607395 -152.204834
-198.435272 -195.945938 -152.560455 -91.749641 -29.516357
48.364155 135.135132 158.250351 155.405411 91.394028
60.455193 -56.187767 -109.8862 -171.76387 -119.487907
-131.223328 -169.630157 -147.937408 -37.695591 51.56472
113.44239 151.493591 108.463722 20.625889 33.072544
-70.0569 -100.995728 -203.058319 -136.201996 -81.081078
-7.823613 8.53485 9.601707 70.412514 30.583214
56.899002 -39.829304 9.957326 85.704124 105.974396
7.823613 -108.463722 -129.089615 -17.42532 -71.834991
7.467994 -11.735419 23.470839 -43.741108 -54.765289
35.561878 -25.604551 0 19.914652 28.449501
54.765289 59.743954 15.291607 -64.366997 -138.691315
-57.254623 -59.032715 -75.035561 -110.597435 -169.985779
-197.012802 -3.556188 56.543385 128.378372 180.654343
126.955902 136.913223 93.172119 16.714083 -152.204834
-167.140823 -159.317215 -318.990051 -215.149353 -201.280228
-53.698433 60.81081 147.937408 155.761017 153.271698
63.30014 45.874821 -1.066856 -144.025604 -172.119492
-109.530579 -118.06543 -116.287338 -65.078232 6.045519
1.066856 62.944523 85.704124 68.278801 34.850639
-9.246088 -26.671408 -55.120911 -64.366997 -60.099571
-103.840683 18.136557 7.112375 24.182077 -81.081078
-24.893314 7.112375 55.120911 105.974396 14.935988
-8.179232 -45.519203 -77.880508 -96.017067 -56.899002
-57.965858 -76.102417 -67.211945 19.914652 7.112375
-12.091039 -18.847795 -11.735419 -50.853485 -71.834991
-75.035561 -51.920341 -18.847795 -43.029873 -48.364155
-23.115221 14.224751 1.778094 65.789474 -10.668563
5.334281 -6.756757 -23.115221 12.091039 51.56472
27.027027 -10.312944 16.002844 35.917496 -5.6899
-15.647226 -41.607395 -33.428165 -89.615929 -88.904694
-48.008533 -80.014221 -7.467994 64.366997 76.458038
54.054054 67.567566 88.549072 11.024182 23.115221
-167.140823 -211.237549 -336.059753 -274.182068 -55.832146
-155.049789 9.246088 133.35704 132.645798 120.199142
89.615929 38.051208 -40.540539 -64.722618 -55.120911
-79.658607 -135.846375 -169.630157 -162.873398 -125.177811
-37.33997 -35.206257 41.607395 22.403982 37.695591
19.203413 -3.200569 -40.184921 42.674252 -5.6899
-16.714083 -90.327171 -99.928871 -136.913223 -134.423889
39.473682 50.142246 57.254623 55.832146 -19.203413
-21.692745 7.467994 -51.209103 -50.853485 -70.768135
-29.16074 -1.422475 -63.30014 -84.637268 -47.652916
-40.540539 -55.120911 -52.987198 78.947365 100.284492
67.567566 67.923187 62.588905 30.583214 1.422475
-110.597435 -229.374115 -84.281647 -200.924606 -11.024182
45.874821 1.066856 72.901848 123.044098 112.375534
120.910385 61.877666 16.358463 -34.850639 -106.685631
-114.864861 -177.453766 -124.110954 -192.745377 -27.738264
-10.312944 71.834991 91.749641 110.953056 114.153625
71.47937 -6.045519 -80.725464 -122.332855 -111.664291
-208.036987 -146.514938 -143.669983 -133.712662 -117.354195
-57.610241 81.436699 152.916077 4.267425 126.955902
67.923187 48.719772 64.011375 -11.735419 -147.937408
-182.432434 -163.229019 -217.283066 -118.06543 46.941677
31.65007 105.974396 156.47226 48.719772 110.241821
124.110954 36.984352 -57.965858 -70.768135 -149.004272
-128.378372 -195.234711 -182.788055 -91.749641 23.470839
-38.051208 92.816498 183.143661 113.798004 98.506401
34.1394 -16.714083 -105.618774 -151.493591 -102.773827
-107.396866 -131.578949 -30.938833 -18.136557 74.324326
80.725464 34.850639 89.615929 43.029873 -53.342815
8.53485 -36.273113 -27.027027 -45.163586 -73.968704
-143.314362 -121.265999 -34.495022 24.893314 -24.893314
40.184921 79.658607 98.15078 75.391182 29.16074
-17.42532 32.716927 -22.048365 -41.607395 -5.334281
23.826458 -34.850639 -12.091039 -43.38549 -80.369843
-68.278801 -77.169273 -22.759602 23.470839 7.823613
-7.467994 88.193459 67.211945 -9.601707 53.342815
-172.119492 -186.344238 -210.881927 -136.201996 -144.025604
-45.519203 -110.241821 -10.668563 66.856331 50.853485
55.476528 63.30014 74.679939 18.492176 26.315788
-44.452347 -210.1707 -244.66571 -251.778091 -167.496445
-98.15078 50.497864 135.490753 120.554764 187.055481
143.314362 100.284492 32.005688 -10.312944 -82.147934
-147.226166 -316.856323 -239.687057 -241.465149 -137.624466
-111.308678 18.136557 69.701279 175.675674 213.01564
206.614502 168.918915 141.53627 54.409672 -8.53485
-62.944523 -217.638687 -358.819336 -350.284485 -265.647217
-128.022751 -39.829304 57.254623 129.089615 206.614502
168.563293 130.867706 95.305832 70.412514 14.224751
-42.318634 -90.682785 -153.982925 -61.877666 -94.594597
-139.758179 -130.867706 -63.655762 8.89047 40.184921
125.177811 90.682785 68.634422 34.495022 34.495022
-1.422475 -103.485062 -22.403982 -42.318634 -197.724045
-158.961594 -132.290176 -96.72831 12.446657 73.257469
124.822189 91.394028 50.142246 16.358463 -96.72831
-42.674252 -70.768135 -156.827881 -216.571838 -115.931717
-133.001419 -101.351349 69.345657 93.883354 36.628735
95.661453 98.15078 80.725464 56.899002 20.270269
-70.412514 -37.695591 -94.238976 -77.169273 -59.032715
-46.230442 -95.305832 -91.394028 -39.473682 -60.81081
60.455193 70.768135 56.187767 38.406826 53.342815
88.549072 12.091039 23.826458 -50.853485 -166.429581
-212.660019 -206.258881 -152.560455 -62.588905 80.369843
109.8862 155.405411 111.664291 81.436699 50.853485
-27.738264 -54.409672 -169.985779 -166.429581 -130.156464
-139.046936 -138.335709 -36.628735 -1.778094 -46.941677
52.987198 97.795166 165.718353 67.211945 43.741108
-10.668563 -87.126602 -0.355619 -48.364155 -67.211945
-88.193459 -76.102417 -65.789474 -92.105263 -55.120911
3.556188 99.573257 166.429581 84.992889 47.652916
81.79232 20.981508 -13.157894 -238.620193 -161.095306
-167.852066 -134.423889 -123.399712 -17.42532 93.52774
165.718353 167.140823 86.059746 -28.093884 -102.418205
-168.563293 -121.62162 -184.566147 -152.916077 -67.211945
-61.877666 2.84495 22.759602 28.80512 82.859177
85.348503 7.823613 42.318634 -22.048365 -55.832146
-78.23613 -87.126602 -73.613083 -162.162155 -64.366997
6.401138 -44.807964 16.714083 -15.647226 -37.695591
-104.551918 -44.096729 -11.379801 3.200569 -31.294453
-12.802276 81.436699 36.984352 31.65007 -26.315788
-97.795166 -11.024182 -27.382645 -143.669983 -75.035561
-21.692745 20.981508 44.452347 37.695591 77.524895
23.115221 -3.200569 -52.275959 -89.615929 -37.33997
-70.768135 -106.330009 -108.108109 -112.019913 -48.364155
-49.786629 -8.179232 65.433853 147.937408 115.576103
74.679939 34.495022 48.364155 76.458038 -32.361309
-48.008533 -27.027027 -76.102417 -188.477951 -193.812225
-153.982925 -64.722618 10.312944 -10.668563 -19.914652
64.011375 120.554764 131.93457 120.910385 58.32148
29.16074 18.136557 54.054054 -16.002844 -49.786629
-139.402557 -404.694153 -262.091034 -151.137985 -145.803696
-24.537695 29.516357 7.112375 50.853485 100.995728
125.533424 56.187767 39.829304 23.826458 -8.179232
-54.765289 -93.52774 -202.347076 -318.990051 -277.382629
-112.019913 -63.30014 14.58037 -50.853485 61.166428
66.145088 65.078232 117.354195 145.448074 44.096729
13.513514 67.567566 8.179232 -14.58037 -7.823613
-108.108109 -370.554749 -253.200562 -258.890472 -43.741108
-19.203413 -6.045519 25.604551 55.476528 82.503555
128.378372 136.557602 182.076813 159.317215 88.904694
27.382645 11.024182 -70.0569 -296.230438 -282.361298
-229.374115 -104.196297 -148.29303 -64.722618 19.559032
16.714083 86.415359 105.263153 95.661453 127.311523
152.916077 135.846375 51.920341 -58.32148 2.489331
-71.834991 -108.108109 -165.718353 -226.884781 -124.822189
-81.79232 0.355619 73.968704 99.573257 102.773827
99.217636 72.901848 69.701279 63.30014 64.011375
69.701279 -1.778094 -83.570412 -185.277374 -219.416779
-316.500702 -220.128021 -112.019913 -83.21479 10.312944
63.30014 58.32148 73.613083 59.032715 72.901848
40.540539 26.315788 -2.489331 -8.53485 -123.755333
-208.392593 -229.729721 -254.267426 -86.415359 -104.907539
-14.935988 -2.84495 20.625889 38.406826 30.583214
60.81081 95.305832 15.647226 -26.315788 -159.317215
-86.059746 -26.315788 -170.341385 -120.199142 -43.029873
-54.054054 24.182077 50.497864 52.631577 35.917496
59.743954 62.944523 99.928871 75.391182 -37.33997
-74.679939 -58.677097 -139.046936 -178.52063 -81.79232
-124.822189 5.6899 44.807964 56.187767 123.755333
81.436699 57.610241 54.409672 -51.56472 -11.024182
-43.029873 -65.789474 -88.904694 -118.06543 -134.77951
-43.38549 -52.275959 -30.227596 -12.446657 26.315788
120.554764 138.335709 87.837837 24.537695 7.823613
31.294453 -9.246088 -171.76387 -25.248932 -99.573257
-214.793732 -130.156464 -45.519203 15.647226 130.867706
150.782364 146.87056 136.913223 87.482216 -68.990044
-24.182077 -106.330009 -124.110954 -135.846375 -88.904694
-68.990044 -48.364155 38.762447 71.47937 18.847795
113.44239 43.741108 -13.513514 -45.163586 13.513514
-19.914652 -55.832146 -73.613083 -27.738264 -92.816498
-130.867706 -150.071121 -134.068283 -2.133713 9.601707
116.64296 104.907539 14.58037 9.246088 -36.273113
-16.714083 -38.762447 -12.446657 -59.032715 -104.907539
-120.554764 -185.988617 -183.143661 -76.102417 -78.591751
-145.448074 -139.402557 9.957326 17.42532 78.23613
41.607395 38.051208 14.224751 30.227596 -2.489331
-18.847795 26.671408 24.537695 -0.355619 -45.519203
-165.007111 -285.91748 -168.918915 -126.955902 -149.359879
-64.011375 21.337126 67.211945 124.110954 109.8862
123.755333 169.630157 123.044098 87.837837 31.65007
-21.692745 -86.059746 -247.510666 -217.638687 -306.187775
-300.853485 -210.1707 -138.691315 3.556188 77.524895
73.257469 119.487907 104.907539 94.950211 107.752487
85.348503 88.193459 64.722618 45.519203 17.780939
-64.366997 -177.809387 -337.482208 -187.055481 -118.06543
-30.938833 -104.196297 -115.931717 -16.358463 33.428165
52.275959 75.391182 81.79232 84.637268 63.655762
56.899002 43.38549 -36.273113 -26.671408 -160.739685
-269.559021 -62.944523 -92.105263 -151.493591 -61.522049
7.112375 27.738264 36.984352 79.658607 93.883354
77.880508 50.497864 25.604551 20.625889 25.248932
28.449501 -13.869132 -27.027027 -315.789459 -171.052628
-103.840683 -121.62162 -93.172119 -75.391182 -29.16074
61.522049 92.816498 68.278801 76.458038 87.126602
84.281647 37.33997 5.6899 -16.714083 -63.30014
-166.429581 -275.248932 -78.591751 -20.625889 -50.497864
-16.358463 -44.096729 70.768135 65.789474 64.366997
86.059746 89.260315 61.877666 36.984352 22.403982
23.470839 5.6899 -40.540539 -70.412514 -155.405411
-268.492188 -51.209103 -133.35704 -126.600281 -95.661453
-104.551918 -30.583214 -0.355619 44.096729 61.522049
86.770981 85.348503 101.351349 92.105263 91.749641
107.396866 102.062584 88.193459 9.957326 -160.739685
-120.910385 -280.938843 -268.492188 -143.314362 -191.678513
-146.87056 -54.054054 -65.789474 -25.248932 70.0569
60.455193 102.418205 147.226166 125.177811 101.351349
22.759602 42.318634 4.978663 -68.634422 -22.403982
-109.174965 -243.24324 -114.864861 -74.679939 -29.516357
-65.433853 19.203413 27.027027 38.051208 86.059746
125.889046 79.302986 44.096729 -6.401138 -35.206257
-131.578949 -112.375534 -121.62162 -89.615929 13.157894
-33.428165 -52.631577 -98.15078 -104.196297 -49.431011
27.382645 76.102417 86.415359 77.169273 74.679939
43.741108 -74.324326 -77.169273 -59.743954 -89.615929
-75.391182 -91.038406 4.267425 24.537695 -71.834991
-3.556188 25.604551 22.759602 -22.048365 -2.489331
3.200569 -21.337126 -57.254623 -23.115221 49.786629
18.847795 -29.16074 -155.761017 -70.768135 -15.647226
-4.267425 5.334281 14.935988 14.58037 -25.248932
19.559032 40.89616 -131.578949 -101.351349 -32.361309
-66.145088 14.935988 -68.278801 -38.406826 -28.449501
-9.246088 -6.756757 20.270269 18.136557 -2.133713
-40.540539 -76.813652 -80.014221 -83.570412 -106.330009
-111.664291 -88.193459 -61.166428 83.21479 -9.957326
-82.503555 -13.869132 47.297298 25.248932 8.89047
-4.267425 -8.179232 -6.756757 -25.604551 -4.978663
-88.549072 -202.702698 -39.829304 -138.691315 -90.327171
-39.118065 -61.166428 -12.446657 1.422475 31.294453
63.655762 49.431011 59.032715 72.546227 49.07539
13.157894 -14.58037 -17.42532 -77.169273 -161.095306
-221.550491 -50.142246 -200.924606 -65.078232 -46.58606
-43.38549 26.671408 78.591751 60.81081 90.327171
85.348503 55.120911 21.337126 -3.911807 -25.248932
-27.738264 -20.981508 -55.832146 -98.862022 -235.064011
-249.288757 -225.817917 -147.581787 -120.554764 -79.658607
11.024182 75.746796 131.223328 140.469421 64.011375
76.102417 108.108109 54.054054 48.719772 28.449501
16.358463 -13.513514 70.768135 36.628735 -150.782364
-237.197723 -173.897583 -260.668549 -220.839264 -144.381226
-129.089615 -36.628735 20.625889 40.540539 47.297298
93.883354 114.509247 94.238976 98.862022 68.278801
41.607395 38.762447 13.869132 -34.1394 -31.294453
-99.928871 -102.062584 -189.5448 -285.206268 -259.957336
-216.216217 -56.899002 -4.267425 -0.355619 87.482216
136.557602 137.980087 167.852066 156.827881 133.35704
105.618774 107.041252 78.947365 23.115221 -38.762447
-80.369843 -226.173538 -88.549072 -227.95163 -297.297302
-219.416779 -183.854904 -71.834991 -78.947365 -23.470839
76.102417 109.530579 103.840683 62.588905 85.704124
131.223328 152.916077 92.816498 48.719772 9.601707
-27.027027 -123.755333 -225.106689 -196.301559 -169.985779
-213.726883 -195.590332 -133.35704 -28.80512 6.756757
52.987198 60.81081 126.244667 118.06543 95.661453
44.807964 21.692745 46.941677 54.765289 6.756757
-22.759602 -273.826447 -214.793732 -72.901848 -173.897583
-125.533424 -113.798004 -52.631577 27.382645 71.123756
25.248932 23.470839 54.409672 102.062584 102.418205
45.519203 23.470839 -83.570412 -216.216217 -210.526306
-166.785202 -89.260315 -65.789474 -62.944523 -26.671408
4.267425 78.947365 29.16074 47.652916 75.391182
48.008533 11.024182 86.770981 -46.941677 -130.156464
-197.724045 -61.166428 17.0697 -128.733994 -112.375534
-2.489331 36.984352 15.291607 42.674252 91.749641
82.147934 59.743954 64.722618 40.89616 -48.008533
-77.880508 -195.945938 -125.533424 -127.667137 -156.47226
-72.546227 2.489331 23.115221 28.449501 61.522049
46.58606 62.588905 56.543385 31.294453 65.789474
65.433853 23.826458 -38.051208 -153.271698 -224.395447
-168.918915 -187.766708 -121.62162 -20.625889 -55.476528
14.935988 107.396866 110.953056 86.770981 44.807964
32.716927 0.711238 3.556188 -51.56472 -1.778094
-19.914652 -70.768135 -145.448074 -181.009949 -77.524895
-131.223328 -70.0569 30.227596 -14.224751 -68.990044
-7.823613 39.473682 88.193459 85.704124 132.645798
126.600281 -25.960171 -2.84495 22.048365 20.270269
-73.968704 -309.743958 -212.304413 -59.388336 -140.825027
-70.768135 -0.711238 52.987198 31.294453 88.193459
97.083923 66.145088 96.017067 56.187767 54.765289
-13.157894 -2.489331 33.783783 -42.674252 -179.587479
-249.288757 -75.035561 2.133713 -107.396866 -27.027027
-85.704124 -52.275959 10.668563 27.738264 6.756757
49.07539 59.032715 32.005688 34.495022 20.981508
-10.668563 -36.984352 -98.506401 -132.645798 -140.469421
-14.224751 -77.169273 -97.439545 -20.625889 -55.120911
-69.701279 -68.634422 -33.072544 -6.045519 12.446657
25.960171 45.519203 49.786629 18.492176 37.695591
-7.467994 -18.136557 17.780939 -6.045519 -112.731148
-185.988617 -83.570412 -82.503555 -219.061157 -183.499283
-147.226166 -59.032715 -30.583214 10.312944 62.233284
88.904694 86.770981 66.145088 42.674252 46.230442
63.655762 50.853485 -7.112375 -51.56472 -14.58037
-108.108109 -144.025604 -35.917496 -76.102417 -256.401123
-184.210526 -133.35704 -95.305832 17.0697 45.163586
95.661453 102.773827 76.458038 47.297298 40.184921
33.072544 24.182077 8.179232 -8.53485 -49.786629
-59.032715 -103.485062 -111.308678 -166.785202 103.485062
-0.355619 -173.897583 -149.359879 -110.953056 -131.223328
-96.017067 -71.834991 -5.334281 34.1394 50.497864
66.856331 76.458038 71.47937 63.30014 8.53485
-30.227596 -51.209103 -70.412514 -48.719772 -63.30014
-28.449501 -82.503555 -18.492176 -30.938833 -99.217636
-118.776672 -118.421051 -61.166428 -95.305832 -102.773827
-37.33997 -8.179232 41.251778 61.522049 116.64296
116.64296 103.485062 98.862022 32.716927 91.394028
135.490753 65.078232 -65.433853 -80.725464 -25.604551
-38.406826 -24.893314 -61.522049 -215.149353 -215.504974
-257.112366 -164.651489 -123.044098 -65.789474 -62.233284
28.093884 89.97155 59.743954 72.190613 135.490753
156.47226 102.062584 46.230442 -1.778094 -60.455193
-88.193459 -92.460884 -25.960171 -36.273113 -28.093884
-58.32148 -89.615929 -108.463722 -112.019913 -120.910385
-60.099571 -3.911807 -15.647226 -14.935988 25.248932
13.157894 -30.227596 -49.786629 -81.081078 -35.917496
-19.914652 30.938833 60.455193 76.102417 18.847795
-7.823613 -67.923187 -23.470839 -11.379801 -66.145088
-22.759602 51.209103 40.89616 -70.0569 -133.001419
-174.964432 -97.083923 -58.32148 -105.618774 -25.604551
-11.024182 -56.899002 -14.224751 75.391182 105.974396
67.923187 101.70697 119.132286 75.391182 27.738264
-54.765289 -66.145088 -30.938833 -88.193459 -54.054054
-138.691315 -136.557602 -98.506401 -62.944523 -28.449501
-33.072544 18.847795 73.613083 52.987198 31.65007
-15.291607 -57.254623 -123.044098 -67.923187 -68.990044
-16.002844 -45.874821 -72.901848 -20.981508 12.446657
-22.759602 53.698433 68.278801 51.209103 48.008533
41.251778 -19.559032 -72.190613 -121.977242 -164.651489
-151.137985 -56.543385 -53.698433 18.492176 12.446657
12.802276 54.409672 49.07539 57.965858 56.187767
56.899002 54.054054 44.807964 2.489331 -13.157894
-61.522049 -103.840683 -124.822189 -229.018494 -316.145081
-91.749641 -59.032715 -11.379801 6.401138 32.005688
6.756757 26.315788 55.476528 61.166428 49.07539
20.270269 -20.981508 -64.011375 -31.294453 -38.051208
-38.051208 -33.428165 -41.251778 -65.789474 -51.920341
-98.15078 -182.076813 -138.691315 -171.408249 -83.21479
-138.691315 -96.017067 -59.743954 -17.42532 12.446657
0.355619 36.984352 45.874821 46.941677 50.497864
-4.978663 -17.42532 9.246088 67.211945 36.273113
6.756757 69.345657 -63.655762 -73.968704 -90.682785
-147.581787 -133.001419 -173.541962 -133.35704 -57.254623
22.048365 55.476528 46.941677 59.032715 50.853485
11.379801 10.312944 35.206257 46.230442 20.270269
-21.337126 -42.674252 -13.157894 -42.318634 -50.142246
-71.123756 -41.963017 -71.123756 -119.843529 -67.567566
-71.47937 -89.97155 -81.081078 -31.65007 31.294453
10.312944 -11.379801 8.179232 0 17.42532
34.495022 -4.978663 -11.379801 9.957326 12.446657
31.65007 -28.80512 -36.984352 -93.883354 -87.126602
-80.014221 -76.458038 -80.014221 -30.227596 -35.561878
-54.054054 -107.396866 -79.658607 -83.926033 -20.270269
-7.467994 5.334281 -16.714083 -19.559032 -12.802276
-17.42532 -15.647226 -9.601707 0.711238 3.556188
-75.391182 -49.07539 4.267425 -28.449501 -10.312944
-69.701279 -56.899002 -6.401138 35.917496 62.233284
21.692745 -15.291607 -14.224751 -43.38549 -57.254623
-74.324326 -6.045519 8.179232 1.778094 29.16074
16.358463 26.315788 13.513514 -17.0697 -43.741108
-43.029873 -30.227596 -33.783783 -63.30014 -66.145088
-81.081078 -89.260315 -97.439545 -106.330009 -134.423889
-40.540539 41.251778 92.460884 92.816498 61.522049
54.409672 30.938833 57.610241 4.978663 3.556188
-8.179232 -19.559032 -43.029873 -39.473682 -31.65007
-41.607395 -43.38549 -48.008533 -52.987198 -59.388336
-46.941677 -51.56472 -86.415359 -92.105263 -133.001419
-115.576103 -122.688477 -72.546227 28.80512 44.807964
67.567566 86.059746 108.463722 59.743954 49.07539
60.81081 21.337126 31.294453 -24.182077 -77.880508
-90.682785 -48.364155 -52.275959 -88.549072 -87.837837
-79.302986 -66.856331 -72.901848 -145.803696 -108.108109
-89.97155 -83.21479 -125.889046 -96.72831 -31.65007
88.904694 44.452347 95.305832 119.487907 94.594597
78.591751 44.452347 29.16074 2.84495 -14.935988
-40.184921 -50.142246 -83.926033 -85.704124 -76.813652
-86.770981 -86.770981 -126.955902 -168.918915 -140.1138
-54.409672 22.048365 47.297298 11.379801 6.045519
57.965858 28.093884 29.871977 36.984352 29.16074
43.38549 38.051208 24.537695 8.89047 -27.738264
-34.850639 -42.318634 -55.120911 -98.15078 -90.327171
-64.366997 -41.963017 -90.327171 -100.640114 -52.631577
-32.361309 10.668563 51.920341 -28.80512 -72.546227
-38.051208 2.84495 -27.382645 -49.431011 -11.379801
2.133713 -13.513514 -54.765289 -35.561878 -34.850639
-42.318634 -59.743954 -73.968704 -94.238976 -119.843529
-67.211945 -28.093884 5.334281 73.257469 102.418205
100.995728 73.257469 28.093884 17.42532 -8.53485
-5.6899 -12.091039 -22.403982 -41.251778 -63.655762
-60.81081 -40.184921 -36.984352 -59.032715 -45.163586
-39.473682 -45.519203 -38.051208 -31.65007 -38.051208
-43.38549 -64.722618 -105.974396 -140.1138 -124.822189
-79.658607 -81.081078 -40.89616 43.741108 -38.406826
-34.1394 16.358463 82.503555 68.634422 78.947365
100.284492 57.610241 71.123756 57.965858 34.850639
11.379801 0 0.355619 -26.671408 0.711238
0.711238 -68.278801 -52.987198 -39.829304 -113.086769
-171.052628 -147.937408 -115.220482 -115.576103 -105.618774
-70.768135 -34.1394 -26.315788 5.334281 -17.780939
6.756757 27.027027 32.716927 48.719772 63.655762
39.118065 13.513514 9.246088 13.513514 -29.871977
-8.89047 28.093884 18.136557 -36.984352 -150.782364
-162.517776 -93.883354 -59.032715 -71.123756 -51.209103
3.200569 57.254623 35.917496 9.246088 39.118065
22.403982 -4.267425 -28.449501 -98.15078 -54.765289
19.914652 -19.914652 2.489331 26.315788 27.738264
6.401138 -56.543385 -127.311523 -118.06543 -120.199142
-65.433853 -107.752487 -62.588905 -42.674252 -57.965858
-90.682785 -45.519203 39.829304 50.142246 4.623044
93.883354 52.987198 43.029873 -1.066856 -5.334281
-10.312944 -14.935988 -29.871977 -45.874821 -39.473682
-46.58606 -53.698433 -37.33997 -18.492176 13.869132
14.224751 1.778094 -103.840683 -99.217636 -95.305832
-60.81081 -118.776672 -133.001419 -116.287338 -77.169273
-65.789474 -25.604551 6.401138 12.091039 3.556188
-4.978663 -13.513514 -19.559032 -22.403982 -21.337126
43.38549 65.789474 7.112375 -15.291607 24.893314
11.735419 -93.883354 -105.263153 -117.709816 -54.054054
0 -87.126602 -72.901848 -74.324326 -65.789474
-63.30014 -7.112375 8.53485 22.759602 52.987198
26.315788 10.668563 11.735419 -7.112375 -17.42532
-16.002844 -21.337126 -14.224751 -26.671408 -52.275959
-32.716927 20.625889 -19.559032 -12.446657 -49.07539
-169.985779 -92.460884 -45.519203 -22.403982 -61.166428
-40.184921 -31.65007 -21.337126 -38.051208 -38.762447
-50.497864 -38.051208 -5.334281 -4.267425 4.623044
-6.045519 6.045519 27.382645 61.522049 4.267425
-22.759602 -15.291607 -14.935988 -44.807964 -17.0697
17.42532 -22.403982 -57.254623 -50.497864 -48.364155
-62.944523 -60.81081 -50.853485 -64.011375 -28.449501
14.58037 17.0697 14.935988 4.623044 39.473682
17.42532 7.823613 60.099571 85.348503 106.330009
81.79232 67.923187 0.355619 -41.963017 -96.017067
-131.93457 -94.950211 -57.610241 -105.974396 -128.378372
-133.001419 -101.351349 -18.847795 -41.607395 -14.935988
48.008533 44.452347 27.738264 11.024182 8.179232
-6.045519 -16.714083 -6.401138 -8.89047 10.668563
33.783783 -4.623044 -15.647226 16.358463 -4.623044
-59.388336 -65.433853 -62.944523 -68.278801 -120.554764
-125.533424 -108.108109 -100.995728 -95.305832 -57.254623
-13.157894 19.203413 28.80512 -18.136557 -11.024182
-11.024182 -12.446657 4.978663 13.869132 3.556188
42.674252 61.877666 40.540539 -46.230442 -15.647226
-79.658607 -106.685631 -84.281647 -15.647226 12.802276
-23.826458 -16.002844 -24.182077 -68.278801 -40.540539
-28.093884 -22.759602 1.778094 25.604551 13.869132
-23.470839 -51.920341 -62.588905 -41.251778 -34.495022
-68.278801 -85.348503 -51.56472 -77.880508 -138.335709
-91.038406 -2.489331 41.251778 56.543385 24.893314
36.628735 48.364155 52.275959 37.33997 -11.024182
-4.623044 -6.045519 -24.182077 -41.251778 -46.941677
-41.251778 -43.029873 -49.07539 -36.984352 -22.759602
5.6899 25.960171 -43.029873 -108.819344 -67.923187
-55.476528 -62.944523 5.6899 -25.604551 -19.203413
-33.072544 -34.850639 -14.935988 3.200569 10.668563
-10.668563 -8.89047 4.267425 -12.446657 -19.559032
-12.446657 -17.0697 -14.224751 16.358463 19.203413
-38.762447 53.342815 9.601707 -60.81081 -132.290176
-202.702698 -206.970123 -188.12233 -161.806534 -126.244667
-65.789474 -45.163586 26.671408 44.096729 72.190613
73.613083 62.588905 42.674252 41.251778 53.342815
30.583214 32.716927 49.07539 36.628735 36.984352
-0.355619 -31.294453 -8.179232 -27.382645 -116.998573
-213.726883 -197.724045 -204.836411 -136.913223 -76.102417
-45.874821 -23.470839 -3.911807 62.233284 93.172119
100.284492 112.375534 56.187767 20.625889 -2.84495
-11.735419 11.379801 -6.401138 -40.184921 -58.32148
-48.719772 28.80512 -0.355619 -59.743954 -121.62162
-187.411087 -171.052628 -129.089615 -106.685631 -64.722618
-21.692745 11.379801 1.066856 -14.224751 12.091039
71.123756 55.832146 39.118065 29.871977 19.203413
20.625889 32.005688 57.610241 29.516357 17.0697
-13.869132 -50.853485 -72.546227 -115.220482 -158.605972
-135.846375 -123.755333 -119.843529 -81.081078 -63.30014
-46.230442 -27.027027 -26.315788 16.002844 49.07539
62.588905 49.07539 13.513514 -22.759602 -61.166428
-31.65007 17.0697 32.361309 17.42532 78.947365
57.610241 -18.136557 -55.120911 -77.169273 -105.263153
-57.610241 -71.834991 -98.15078 -98.862022 -59.032715
-10.668563 3.556188 23.826458 52.275959 23.826458
11.735419 2.133713 -2.84495 -7.112375 -11.024182
-18.847795 -40.184921 -20.981508 -18.847795 -33.072544
-70.0569 -109.174965 -114.864861 -84.281647 -44.452347
-52.987198 -4.623044 -31.65007 -7.823613 32.716927
67.567566 65.433853 109.530579 117.354195 68.634422
11.379801 6.045519 1.066856 -4.623044 -8.179232
-10.312944 -9.601707 -15.291607 16.002844 10.312944
-40.540539 -117.354195 -150.782364 -187.766708 -167.496445
-168.918915 -114.153625 -54.054054 3.200569 4.978663
35.206257 50.853485 42.318634 7.467994 -7.112375
-20.625889 -46.941677 -53.342815 -46.941677 -29.16074
-28.80512 -38.762447 -45.163586 1.778094 -0.355619
-4.267425 -5.6899 -9.246088 10.668563 -49.07539
-66.145088 -85.348503 -146.87056 -81.081078 -53.698433
-49.786629 19.203413 24.537695 63.30014 56.543385
30.583214 34.1394 5.334281 -7.823613 -17.780939
-40.184921 -17.780939 -16.714083 -16.358463 -23.826458
-2.133713 7.112375 3.200569 18.136557 17.42532
10.312944 32.005688 41.963017 -27.738264 -73.613083
-94.594597 -161.095306 -150.782364 -79.658607 -106.330009
-113.798004 -114.509247 -102.062584 -71.834991 -41.963017
-19.203413 -6.045519 8.53485 16.002844 19.203413
19.203413 15.291607 25.960171 20.270269 -0.355619
-13.513514 8.89047 27.738264 43.38549 45.163586
46.941677 -4.267425 -2.84495 5.6899 -72.190613
-118.06543 -131.223328 -96.372688 -114.509247 -125.889046
-91.038406 -96.017067 -87.126602 -20.625889 -5.334281
-7.112375 -8.53485 -11.379801 -19.203413 -19.914652
-7.467994 -2.133713 -6.045519 -1.422475 4.978663
15.291607 43.029873 44.096729 33.783783 54.765289
15.291607 -21.337126 -13.157894 -22.048365 -10.668563
-83.21479 -113.086769 -119.843529 -41.963017 -53.698433
-116.64296 -113.798004 -74.679939 -38.051208 -2.84495
19.203413 47.297298 38.051208 39.118065 -0.355619
-1.066856 9.246088 38.051208 28.80512 10.668563
13.869132 7.467994 -11.735419 -43.38549 -48.364155
-57.965858 -82.859177 -98.15078 -116.64296 -119.487907
-64.011375 -58.32148 -4.267425 37.33997 3.556188
-7.823613 -51.920341 -26.671408 -9.957326 7.467994
7.823613 12.091039 38.762447 30.583214 4.623044
-9.246088 -27.738264 -37.695591 -43.741108 -53.698433
-50.497864 -54.054054 -59.743954 -55.832146 -54.765289
-51.209103 -30.938833 -18.492176 -3.200569 12.446657
23.826458 1.422475 -22.048365 -39.829304 22.759602
-17.0697 -31.65007 -95.661453 -118.421051 -110.953056
-94.950211 -45.874821 -41.251778 -30.227596 -15.647226
-12.091039 -7.112375 -9.246088 1.066856 8.53485
17.0697 12.091039 -1.066856 11.735419 19.559032
36.984352 67.923187 62.233284 39.829304 -6.756757
-32.361309 -42.674252 -115.576103 -204.480789 -147.937408
-125.177811 -123.755333 -128.022751 -112.375534 -81.79232
-45.519203 -41.251778 2.133713 36.273113 30.583214
20.270269 35.206257 22.403982 8.89047 16.002844
-4.623044 -22.048365 -12.091039 -4.978663 24.537695
39.118065 44.807964 63.655762 44.452347 43.38549
-0.711238 -53.342815 -70.768135 -78.947365 -92.460884
-68.278801 -57.965858 -85.704124 -59.743954 -38.762447
-29.871977 -40.184921 -28.449501 -28.093884 -28.093884
-41.607395 -38.051208 -18.136557 -14.224751 -12.802276
-15.291607 -27.382645 8.53485 3.911807 37.33997
81.081078 80.369843 77.169273 7.467994 -96.017067
-101.70697 -127.667137 -103.840683 -84.637268 -84.281647
-43.029873 -41.963017 -20.981508 -22.048365 -27.738264
-6.045519 -5.334281 13.869132 19.559032 16.358463
9.601707 25.960171 20.625889 -3.911807 19.203413
25.960171 19.559032 -15.291607 -43.029873 -91.038406
-109.530579 -70.0569 -78.591751 -70.412514 -76.458038
-77.169273 -80.014221 -85.348503 -82.859177 -98.15078
-59.743954 -34.850639 -39.473682 -33.428165 -24.537695
-0.355619 23.470839 34.1394 51.920341 123.044098
133.712662 105.974396 52.275959 20.625889 -0.355619
-20.981508 -40.184921 -44.096729 -76.458038 -98.506401
-96.72831 -84.637268 -66.50071 -67.211945 -71.123756
-81.436699 -72.190613 -65.078232 -78.23613 -63.655762
-57.965858 -29.16074 -18.492176 6.756757 22.403982
-10.668563 28.80512 39.118065 55.832146 64.722618
51.56472 50.853485 36.984352 7.112375 -11.735419
0 -2.84495 -30.227596 -62.944523 -62.588905
-61.877666 -60.099571 -56.187767 -33.072544 -27.738264
-21.337126 -40.89616 -31.294453 -17.780939 -24.893314
-63.30014 -124.110954 -93.172119 -67.211945 -68.634422
-55.832146 17.0697 68.278801 40.89616 42.674252
37.33997 1.422475 12.802276 8.89047 -1.778094
-23.470839 -56.899002 -62.588905 -57.965858 -65.433853
-73.257469 -58.677097 -45.519203 -52.987198 -41.251778
-8.179232 13.869132 17.780939 7.823613 5.334281
-15.291607 -25.248932 -18.136557 -25.604551 -23.470839
-24.537695 -45.519203 -54.054054 -21.337126 -22.048365
-54.765289 -4.267425 18.136557 12.446657 22.048365
21.337126 15.647226 -14.224751 -24.893314 -38.406826
-44.807964 -59.032715 -68.990044 -89.615929 -86.770981
-66.145088 -23.470839 -1.422475 -12.802276 -11.379801
27.382645 2.84495 -62.233284 -51.920341 -4.978663
6.756757 3.556188 -15.647226 -11.735419 -16.714083
-39.118065 -54.409672 -45.519203 -29.16074 -29.871977
-28.80512 -8.179232 9.246088 -5.334281 -10.312944
-13.157894 -20.270269 -36.628735 -49.07539 -62.588905
-52.987198 -42.318634 -38.051208 -30.938833 -31.294453
-16.002844 12.802276 44.452347 29.516357 -38.051208
-40.184921 -14.58037 34.495022 26.671408 -10.312944
-51.56472 -19.914652 -22.759602 -37.695591 -27.382645
-9.957326 -11.735419 -28.093884 -14.58037 -6.401138
-9.957326 -35.206257 -40.184921 -57.965858 -59.032715
-66.856331 -65.789474 -66.50071 -64.366997 -67.567566
-65.078232 -57.965858 -41.963017 -46.941677 -66.145088
-63.30014 -78.947365 -73.257469 -33.072544 -14.224751
17.42532 80.725464 123.755333 83.21479 26.315788
40.184921 6.756757 -15.291607 -80.725464 -76.458038
-56.543385 -49.786629 -43.029873 -27.382645 -19.914652
-16.714083 -28.80512 -36.984352 -37.695591 -40.540539
-44.096729 -46.58606 -49.07539 -50.142246 -48.008533
-43.38549 -41.251778 -40.184921 -38.406826 -38.762447
-36.628735 -35.917496 -34.850639 -30.583214 -23.826458
-17.0697 -14.58037 -8.179232 -1.422475 0
-6.756757 6.045519 50.497864 99.573257 98.15078
55.476528 -18.492176 -45.163586 -35.206257 -45.163586
-58.677097 -46.58606 -24.182077 11.735419 23.470839
29.516357 32.716927 72.546227 53.342815 18.136557
-15.647226 -39.118065 -39.473682 -15.291607 -6.401138
-7.112375 -14.935988 -27.738264 -39.473682 -34.850639
-35.206257 -30.583214 -33.783783 -38.762447 -32.005688
-28.449501 -15.647226 -12.091039 -12.091039 -26.671408
-31.65007 -11.379801 0.355619 18.847795 45.874821
75.391182 23.470839 -11.379801 -31.65007 -19.914652
-14.935988 -38.762447 -50.853485 -33.783783 -29.516357
-18.492176 -17.42532 -17.780939 0 -10.312944
-38.406826 -42.318634 -53.342815 -61.166428 -61.166428
-50.853485 -49.07539 -65.433853 -60.099571 -46.941677
-50.497864 -60.81081 -71.834991 -79.658607 -75.035561
-70.0569 -67.567566 -63.30014 -57.610241 -52.987198
-46.230442 -43.029873 -43.029873 -38.762447 -27.738264
-20.981508 -22.403982 -35.206257 -46.58606 -30.938833
1.778094 44.096729 83.21479 98.15078 40.540539
-20.625889 -44.452347 -35.206257 -61.877666 -65.789474
-50.853485 -27.027027 -9.957326 0 5.6899
8.179232 -20.270269 7.467994 -10.312944 -21.337126
-30.583214 -26.671408 -48.008533 -17.0697 -14.224751
-18.136557 -36.273113 -45.874821 -51.920341 -52.631577
-57.610241 -46.58606 -54.054054 -41.963017 -35.561878
-31.294453 -29.516357 -38.762447 -48.719772 -40.184921
-32.361309 -31.65007 -33.783783 -35.917496 -33.783783
-34.850639 -28.093884 -44.096729 -36.984352 -29.16074
-23.470839 -45.874821 -48.719772 -62.944523 -45.163586
-20.981508 -12.446657 -19.914652 -14.224751 -20.981508
-38.051208 -32.716927 -17.42532 -19.914652 -24.893314
-33.072544 -24.537695 -15.647226 -21.692745 -35.206257
-27.382645 -17.780939 -11.024182 -16.002844 -20.270269
-21.692745 -23.470839 -19.559032 -16.002844 -19.203413
-25.604551 -28.80512 -40.540539 -42.674252 -11.379801
